ID	trt	untrt	baseMean	log2FoldChange	pvalue	padj
ENSG00000253424	6.31	6.379	6.345	4.546	1.219e-91	2.149e-87
ENSG00000246339	6.825	6.733	6.779	3.387	9.955e-61	8.779e-57
ENSG00000214941	8.062	8.3	8.181	3.065	2.435e-54	1.432e-50
ENSG00000214425	9.001	9.099	9.05	2.975	1.93e-48	6.807e-45
ENSG00000099338	6.916	6.664	6.79	1.46	1.846e-45	5.427e-42
ENSG00000074935	8.373	8.855	8.614	3.839	3.111e-44	7.839e-41
ENSG00000104953	6.753	6.659	6.706	1.437	5.248e-44	1.157e-40
ENSG00000235790	6.659	6.745	6.702	1.305	2.84e-42	5.008e-39
ENSG00000145386	8.567	7.951	8.259	3.959	2.128e-41	3.412e-38
ENSG00000100221	10.554	10.218	10.386	6.415	9.071e-41	1.333e-37
ENSG00000161016	13.871	13.86	13.866	2.006	1.45e-38	1.968e-35
ENSG00000174990	6.805	6.673	6.739	2.223	3.357e-38	4.228e-35
ENSG00000132824	12.963	12.578	12.771	2.206	1.897e-35	2.23e-32
ENSG00000127720	7.674	7.706	7.69	3.24	2.713e-35	2.991e-32
ENSG00000149925	14.024	14.148	14.086	1.047	2.62e-34	2.718e-31
ENSG00000184209	8.369	8.289	8.329	2.855	2.539e-29	2.239e-26
ENSG00000165156	10.223	10.48	10.351	1.012	5.093e-29	4.083e-26
ENSG00000285943	7.546	7.906	7.726	3.038	4.012e-28	3.076e-25
ENSG00000152217	10.474	10.619	10.547	1.832	5.022e-28	3.69e-25
ENSG00000208028	6.337	6.432	6.384	4.399	6.72e-28	4.559e-25
ENSG00000147586	8.095	8.147	8.121	1.147	2.338e-27	1.473e-24
ENSG00000138670	6.513	6.314	6.413	2.913	3.011e-27	1.77e-24
ENSG00000175352	8.216	8.077	8.146	1.559	2.181e-26	1.241e-23
ENSG00000148219	8.031	8.449	8.24	2.461	2.48e-26	1.367e-23
ENSG00000277297	6.224	6.38	6.302	4.596	3.172e-26	1.695e-23
ENSG00000179889	10.618	10.727	10.672	3.197	3.727e-25	1.933e-22
ENSG00000117360	9.427	9.409	9.418	3.326	2.541e-24	1.28e-21
ENSG00000210107	6.518	6.467	6.492	2.164	1.921e-23	9.158e-21
ENSG00000121281	8.484	8.481	8.483	2.139	2.239e-23	1.039e-20
ENSG00000102349	7.725	7.676	7.701	1.629	3.294e-23	1.489e-20
ENSG00000112319	9.281	9.748	9.515	2.687	6.309e-23	2.782e-20
ENSG00000270427	6.274	6.277	6.276	3.782	7.861e-23	3.301e-20
ENSG00000247595	6.872	6.649	6.76	2.338	2.73e-22	1.094e-19
ENSG00000121904	10.071	9.766	9.918	1.212	1.09e-21	4.006e-19
ENSG00000238249	6.615	6.505	6.56	1.091	2.107e-21	7.431e-19
ENSG00000123560	6.57	6.69	6.63	2.274	4.441e-21	1.506e-18
ENSG00000119608	6.774	6.784	6.779	1.022	7.323e-21	2.392e-18
ENSG00000125648	10.704	10.733	10.719	2.17	1.115e-20	3.576e-18
ENSG00000124839	6.644	6.437	6.541	3.366	2.019e-20	6.358e-18
ENSG00000236411	6.285	6.446	6.366	2.491	4.265e-20	1.297e-17
ENSG00000203799	6.745	6.645	6.695	2.035	6.675e-20	1.995e-17
ENSG00000138674	13.036	13.233	13.134	1.271	1.334e-19	3.922e-17
ENSG00000074695	11.815	12.035	11.925	1.517	1.927e-19	5.571e-17
ENSG00000083817	7.669	7.852	7.761	1.14	2.287e-19	6.506e-17
ENSG00000177640	7.303	7.263	7.283	1.602	3.222e-19	8.879e-17
ENSG00000127241	12.809	13.067	12.938	1.472	3.864e-19	1.049e-16
ENSG00000025772	9.574	9.971	9.773	1.06	5.102e-19	1.343e-16
ENSG00000184347	13.888	13.988	13.938	2.168	8.257e-19	2.111e-16
ENSG00000173531	8.724	8.765	8.745	1.375	9.778e-19	2.464e-16
ENSG00000168427	6.918	6.727	6.823	3.765	1.424e-18	3.538e-16
ENSG00000229425	6.698	6.707	6.702	9.61	2.052e-18	4.891e-16
ENSG00000154736	12.567	10.387	11.477	1.178	2.39e-18	5.619e-16
ENSG00000113722	6.732	6.817	6.774	5.926	3.952e-18	9.172e-16
ENSG00000230650	6.346	6.298	6.322	2.205	4.249e-18	9.733e-16
ENSG00000080546	9.621	9.866	9.743	1.999	6.128e-18	1.368e-15
ENSG00000231970	6.294	6.318	6.306	2.288	6.327e-18	1.395e-15
ENSG00000258555	7.13	6.967	7.048	1.478	6.999e-18	1.524e-15
ENSG00000234350	6.624	6.774	6.699	1.079	1.117e-17	2.403e-15
ENSG00000101310	9.281	9.32	9.3	1.374	1.704e-17	3.579e-15
ENSG00000106624	13.423	13.58	13.501	1.506	1.991e-17	4.132e-15
ENSG00000158163	8.182	8.004	8.093	2.433	2.46e-17	5.046e-15
ENSG00000135823	10.349	9.919	10.134	2.242	3.063e-17	6.21e-15
ENSG00000113083	13.946	13.574	13.76	1.117	4.844e-17	9.492e-15
ENSG00000204271	8.782	8.885	8.833	1.998	5.655e-17	1.096e-14
ENSG00000229807	7.988	7.961	7.975	1.354	6.713e-17	1.287e-14
ENSG00000120693	9.08	9.201	9.14	1.477	7.279e-17	1.38e-14
ENSG00000170835	6.886	6.939	6.913	2.314	9.914e-17	1.86e-14
ENSG00000259293	6.255	6.357	6.306	1.271	1.185e-16	2.2e-14
ENSG00000244607	7.047	6.838	6.943	2.462	2.31e-16	4.158e-14
ENSG00000172366	7.836	7.818	7.827	3.822	1.095e-15	1.875e-13
ENSG00000179335	9.868	9.876	9.872	3.805	1.321e-15	2.24e-13
ENSG00000160209	11.124	11.002	11.063	1.983	1.704e-15	2.783e-13
ENSG00000069275	12.333	12.686	12.509	1.098	2.263e-15	3.628e-13
ENSG00000128694	7.676	7.912	7.794	1.549	2.321e-15	3.688e-13
ENSG00000132915	6.594	6.692	6.643	1.491	3.375e-15	5.268e-13
ENSG00000084444	8.804	8.447	8.625	1.282	3.551e-15	5.494e-13
ENSG00000126970	8.101	8.447	8.274	1.331	5.453e-15	8.22e-13
ENSG00000121053	6.397	6.38	6.388	1.939	6.155e-15	9.199e-13
ENSG00000225914	8.086	8.15	8.118	1.031	8.1e-15	1.19e-12
ENSG00000166833	11.507	11.752	11.63	1.183	8.715e-15	1.27e-12
ENSG00000089723	7.192	7.4	7.296	2.026	1.584e-14	2.29e-12
ENSG00000133706	10.935	10.965	10.95	1.122	1.71e-14	2.433e-12
ENSG00000165568	6.911	6.928	6.92	1.458	1.967e-14	2.775e-12
ENSG00000182366	6.293	6.311	6.302	1.189	3.444e-14	4.708e-12
ENSG00000189367	8.839	7.969	8.404	1.236	7.249e-14	9.686e-12
ENSG00000166128	11.361	11.411	11.386	1.922	8.603e-14	1.132e-11
ENSG00000100028	9.74	9.871	9.806	1.206	1.072e-13	1.401e-11
ENSG00000119599	8.155	8.387	8.271	1.563	1.08e-13	1.401e-11
ENSG00000055211	11.418	11.143	11.281	1.064	1.52e-13	1.943e-11
ENSG00000112659	9.578	9.754	9.666	1.515	1.576e-13	2e-11
ENSG00000168172	10.73	10.464	10.597	2.717	1.868e-13	2.353e-11
ENSG00000257950	7.196	7.065	7.13	1.122	1.963e-13	2.456e-11
ENSG00000226121	6.864	6.455	6.659	1.672	5.934e-13	7.169e-11
ENSG00000136114	7.928	7.783	7.856	3.955	6.528e-13	7.833e-11
ENSG00000283352	7.11	7.342	7.226	1.633	9.67e-13	1.122e-10
ENSG00000123427	8.107	8.138	8.123	1.24	1.003e-12	1.149e-10
ENSG00000176393	10.527	10.715	10.621	1.103	1.599e-12	1.763e-10
ENSG00000215114	9.096	9.307	9.201	1.296	1.699e-12	1.861e-10
ENSG00000122986	7.63	7.637	7.633	1.147	1.955e-12	2.129e-10
ENSG00000108306	9.253	9.477	9.365	3.677	2.472e-12	2.659e-10
ENSG00000140450	10.102	10.74	10.421	1.606	2.763e-12	2.935e-10
ENSG00000005156	8.509	8.801	8.655	1.285	2.757e-12	2.935e-10
ENSG00000158714	6.57	6.16	6.365	2.08	3.044e-12	3.215e-10
ENSG00000268516	7.355	7.413	7.384	1.016	3.188e-12	3.346e-10
ENSG00000120451	11.758	11.729	11.743	1.246	4.404e-12	4.516e-10
ENSG00000120063	10.375	10.289	10.332	1.906	5.189e-12	5.2e-10
ENSG00000114646	6.297	6.414	6.356	4.898	6.102e-12	6.046e-10
ENSG00000132622	6.951	7.801	7.376	1.044	6.252e-12	6.16e-10
ENSG00000066230	7.609	7.807	7.708	1.033	6.896e-12	6.733e-10
ENSG00000100908	7.651	7.66	7.655	1.216	8.079e-12	7.66e-10
ENSG00000104901	6.413	6.5	6.457	1.065	9.406e-12	8.872e-10
ENSG00000134697	10.329	9.889	10.109	1.03	9.855e-12	9.197e-10
ENSG00000100796	10.18	10.28	10.23	1.06	1.043e-11	9.683e-10
ENSG00000122786	14.775	14.055	14.415	1.745	1.37e-11	1.252e-09
ENSG00000247373	7.518	7.623	7.571	1.281	1.632e-11	1.484e-09
ENSG00000010361	8.565	8.414	8.489	2.245	1.65e-11	1.493e-09
ENSG00000135905	9.403	9.257	9.33	1.389	1.841e-11	1.657e-09
ENSG00000100815	10.541	10.676	10.609	1.624	1.939e-11	1.736e-09
ENSG00000155974	6.526	6.475	6.501	1.041	2.234e-11	1.961e-09
ENSG00000177374	9.876	9.968	9.922	1.002	2.974e-11	2.563e-09
ENSG00000107902	8.348	8.57	8.459	1.374	2.986e-11	2.563e-09
ENSG00000182168	6.753	6.849	6.801	1.422	4.033e-11	3.387e-09
ENSG00000189134	6.928	6.885	6.906	1.183	5.54e-11	4.566e-09
ENSG00000107242	6.32	6.241	6.28	1.177	7.835e-11	6.368e-09
ENSG00000124370	7.968	8.201	8.084	2.728	8.929e-11	7.093e-09
ENSG00000196743	10.792	10.473	10.633	1.038	9.809e-11	7.689e-09
ENSG00000252412	6.32	6.265	6.292	1.133	9.796e-11	7.689e-09
ENSG00000272347	6.559	6.342	6.451	1.079	1.054e-10	8.186e-09
ENSG00000134201	8.769	9.209	8.989	1.265	1.115e-10	8.581e-09
ENSG00000126790	9.388	9.166	9.277	1.262	1.119e-10	8.581e-09
ENSG00000115590	6.487	6.329	6.408	1.723	1.112e-10	8.581e-09
ENSG00000273123	6.377	6.277	6.327	2.665	1.2e-10	9.124e-09
ENSG00000188976	10.275	10.14	10.208	2.12	1.563e-10	1.178e-08
ENSG00000164530	7.177	7.838	7.508	1.01	1.772e-10	1.319e-08
ENSG00000152749	8.728	8.619	8.673	1.661	1.805e-10	1.338e-08
ENSG00000130511	9.458	9.75	9.604	1.043	1.959e-10	1.446e-08
ENSG00000144837	6.909	7.142	7.025	1.043	2.181e-10	1.596e-08
ENSG00000196756	8.051	7.783	7.917	1.204	2.497e-10	1.804e-08
ENSG00000244242	7.02	6.978	6.999	1.071	2.485e-10	1.804e-08
ENSG00000261040	7.224	7.474	7.349	1.771	3.016e-10	2.119e-08
ENSG00000167384	7.864	8.046	7.955	1.428	3.506e-10	2.425e-08
ENSG00000115107	8.628	8.856	8.742	1.198	4.449e-10	3.041e-08
ENSG00000205482	6.504	6.601	6.553	7.273	4.878e-10	3.296e-08
ENSG00000186063	12.143	11.759	11.951	1.151	5.53e-10	3.681e-08
ENSG00000102032	6.915	6.899	6.907	1.214	6.463e-10	4.285e-08
ENSG00000172974	6.406	6.238	6.322	2.075	7.013e-10	4.615e-08
ENSG00000158079	9.076	8.391	8.733	1.148	7.341e-10	4.813e-08
ENSG00000260558	6.445	6.396	6.42	1.367	7.565e-10	4.942e-08
ENSG00000120549	7.101	7.466	7.284	4.06	7.948e-10	5.172e-08
ENSG00000237945	7.232	7.216	7.224	1.452	8.126e-10	5.249e-08
ENSG00000122566	13.09	12.856	12.973	1.509	8.288e-10	5.335e-08
ENSG00000183873	8.226	7.806	8.016	1.141	8.603e-10	5.497e-08
ENSG00000215014	6.917	6.858	6.887	1.101	1.023e-09	6.399e-08
ENSG00000080815	11.102	10.657	10.88	1.879	1.043e-09	6.499e-08
ENSG00000243554	6.55	6.581	6.566	1.116	1.143e-09	7.05e-08
ENSG00000167996	17.212	17.124	17.168	1.261	1.367e-09	8.402e-08
ENSG00000111261	9.771	9.895	9.833	1.582	1.62e-09	9.85e-08
ENSG00000160703	9.087	9.1	9.093	2.499	1.84e-09	1.1e-07
ENSG00000069943	8.727	8.712	8.72	1.581	2.284e-09	1.352e-07
ENSG00000078795	6.583	6.458	6.52	1.743	2.449e-09	1.43e-07
ENSG00000134049	9.528	9.38	9.454	1.133	2.554e-09	1.482e-07
ENSG00000198440	7.683	7.869	7.776	1.255	2.667e-09	1.537e-07
ENSG00000271869	6.384	6.415	6.4	1.636	3.018e-09	1.723e-07
ENSG00000254413	7.056	6.86	6.958	1.309	4.182e-09	2.342e-07
ENSG00000259792	6.491	6.497	6.494	1.794	4.543e-09	2.527e-07
ENSG00000183077	8.845	8.63	8.737	1.1	4.757e-09	2.63e-07
ENSG00000157833	8.276	8.295	8.285	1.651	4.856e-09	2.676e-07
ENSG00000136279	10.996	11.028	11.012	4.037	5.373e-09	2.943e-07
ENSG00000198547	6.322	6.383	6.353	1.955	5.437e-09	2.969e-07
ENSG00000152049	8.755	8.646	8.701	3.463	5.567e-09	3.03e-07
ENSG00000258231	6.378	6.476	6.427	1.176	1.111e-08	5.799e-07
ENSG00000128016	10.883	10.586	10.735	1.645	1.176e-08	6.116e-07
ENSG00000163629	11.087	11.479	11.283	3.094	1.181e-08	6.128e-07
ENSG00000114054	8.874	9.12	8.997	1.062	1.247e-08	6.395e-07
ENSG00000174669	6.737	6.901	6.819	2.249	1.253e-08	6.406e-07
ENSG00000246273	9.073	8.356	8.715	1.225	1.555e-08	7.878e-07
ENSG00000197822	7.436	7.392	7.414	1.114	1.705e-08	8.568e-07
ENSG00000242086	9.473	9.619	9.546	1.352	1.872e-08	9.327e-07
ENSG00000284431	7.033	7.431	7.232	1.118	2.198e-08	1.077e-06
ENSG00000101282	6.23	6.311	6.27	2.573	2.308e-08	1.125e-06
ENSG00000124496	8.904	9.522	9.213	1.278	2.57e-08	1.239e-06
ENSG00000272754	6.384	6.47	6.427	1.13	2.657e-08	1.277e-06
ENSG00000164176	11.378	11.364	11.371	1.395	2.668e-08	1.279e-06
ENSG00000154781	9.003	9.11	9.057	1.135	2.696e-08	1.289e-06
ENSG00000255200	6.85	6.884	6.867	1.197	3.184e-08	1.51e-06
ENSG00000148291	7.98	7.936	7.958	2.427	3.346e-08	1.578e-06
ENSG00000241764	6.854	6.823	6.839	1.287	3.551e-08	1.661e-06
ENSG00000250742	7.678	7.667	7.673	1.754	3.841e-08	1.778e-06
ENSG00000269970	6.407	6.255	6.331	1.562	4.018e-08	1.846e-06
ENSG00000241749	7.24	7.034	7.137	1.816	4.252e-08	1.943e-06
ENSG00000281974	6.404	6.311	6.357	1.378	4.656e-08	2.111e-06
ENSG00000137070	9.103	9.293	9.198	2.285	4.856e-08	2.185e-06
ENSG00000167302	9.045	8.769	8.907	5.072	4.909e-08	2.203e-06
ENSG00000162755	6.738	6.73	6.734	1.543	4.925e-08	2.205e-06
ENSG00000110395	10.157	9.841	9.999	1.04	5.142e-08	2.296e-06
ENSG00000066427	9.05	9.054	9.052	2.634	5.601e-08	2.482e-06
ENSG00000212907	12.974	12.825	12.9	3.121	6.511e-08	2.849e-06
ENSG00000126217	6.282	6.524	6.403	1.823	8.034e-08	3.448e-06
ENSG00000022267	13.566	13.083	13.325	1.134	8.335e-08	3.56e-06
ENSG00000106799	11.781	11.813	11.797	3.354	8.445e-08	3.591e-06
ENSG00000268886	6.303	6.287	6.295	1.899	8.962e-08	3.79e-06
ENSG00000281566	6.408	6.267	6.337	1.563	9.788e-08	4.1e-06
ENSG00000198542	12.459	11.481	11.97	1.078	1.025e-07	4.263e-06
ENSG00000142606	6.258	6.411	6.335	1.156	1.127e-07	4.656e-06
ENSG00000225883	6.222	6.322	6.272	1.21	1.232e-07	5.02e-06
ENSG00000215374	7.669	7.586	7.627	1.41	1.238e-07	5.032e-06
ENSG00000171962	7.468	7.612	7.54	2.175	1.476e-07	5.889e-06
ENSG00000136868	10.405	10.027	10.216	1.38	1.684e-07	6.616e-06
ENSG00000065600	7.585	7.823	7.704	1.162	1.834e-07	7.126e-06
ENSG00000168310	9.782	9.529	9.655	2.592	1.87e-07	7.232e-06
ENSG00000177602	6.83	6.74	6.785	1.093	1.987e-07	7.637e-06
ENSG00000176978	11.081	10.903	10.992	1.324	2.008e-07	7.697e-06
ENSG00000234380	7.013	6.952	6.982	2.184	2.283e-07	8.622e-06
ENSG00000230709	6.349	6.318	6.334	1.463	2.795e-07	1.029e-05
ENSG00000163428	10.233	10.082	10.158	3.193	3.062e-07	1.12e-05
ENSG00000204569	10.013	10.196	10.104	1.413	3.395e-07	1.222e-05
ENSG00000279059	7.778	7.46	7.619	1.912	3.447e-07	1.238e-05
ENSG00000100918	7.123	7.146	7.134	2.381	4.059e-07	1.435e-05
ENSG00000234718	6.324	6.203	6.264	3.473	4.099e-07	1.443e-05
ENSG00000284341	6.401	6.617	6.509	1.284	4.135e-07	1.453e-05
ENSG00000237324	6.328	6.331	6.33	1.599	4.168e-07	1.461e-05
ENSG00000171777	6.332	6.378	6.355	1.117	4.23e-07	1.475e-05
ENSG00000242118	6.257	6.216	6.236	1.893	4.99e-07	1.716e-05
ENSG00000231212	6.421	6.436	6.428	1.283	5.297e-07	1.807e-05
ENSG00000239282	7.876	7.64	7.758	1.115	6.209e-07	2.062e-05
ENSG00000101158	9.915	9.921	9.918	1.24	6.722e-07	2.22e-05
ENSG00000100632	10.113	10.232	10.172	1.043	7.077e-07	2.324e-05
ENSG00000054598	9.174	9.271	9.223	2.173	7.626e-07	2.486e-05
ENSG00000256612	6.722	6.925	6.824	1.513	9.254e-07	2.952e-05
ENSG00000039139	8.298	8.407	8.353	2.009	1.042e-06	3.276e-05
ENSG00000024862	8.503	8.388	8.446	1.353	1.217e-06	3.786e-05
ENSG00000138430	10.004	10.158	10.081	2.446	1.44e-06	4.378e-05
ENSG00000265052	6.258	6.26	6.259	3.065	1.449e-06	4.397e-05
ENSG00000119125	6.511	6.542	6.526	1.015	1.478e-06	4.465e-05
ENSG00000186787	7.776	7.688	7.732	1.03	1.567e-06	4.702e-05
ENSG00000160190	7.435	7.225	7.33	2.007	1.676e-06	4.994e-05
ENSG00000120708	13.106	13.518	13.312	2.356	1.903e-06	5.593e-05
ENSG00000179256	6.656	6.672	6.664	2.763	2.039e-06	5.935e-05
ENSG00000006831	10.377	10.129	10.253	1.778	2.151e-06	6.22e-05
ENSG00000196911	8.822	9.055	8.938	1.348	2.195e-06	6.325e-05
ENSG00000170906	8.978	9.094	9.036	1.124	2.224e-06	6.398e-05
ENSG00000160446	8.967	8.333	8.65	1.165	2.287e-06	6.547e-05
ENSG00000197083	7.104	7.187	7.146	2.865	2.294e-06	6.558e-05
ENSG00000138073	11.274	10.223	10.749	1.47	2.306e-06	6.572e-05
ENSG00000144481	6.398	6.383	6.39	1.989	2.326e-06	6.616e-05
ENSG00000272668	7.805	8.4	8.102	1.257	2.704e-06	7.534e-05
ENSG00000182718	14.927	14.25	14.589	1.365	2.802e-06	7.782e-05
ENSG00000174944	7.112	6.703	6.907	1.687	3.265e-06	8.913e-05
ENSG00000248592	7.299	7.398	7.349	1.073	3.445e-06	9.348e-05
ENSG00000124731	6.303	6.218	6.26	1.101	3.552e-06	9.594e-05
ENSG00000107819	11.138	10.936	11.037	3.168	3.572e-06	9.633e-05
ENSG00000174132	8.259	7.95	8.104	1.171	4.19e-06	0.0001106
ENSG00000104728	10.964	10.901	10.932	1.216	4.299e-06	0.000113
ENSG00000254441	6.212	6.298	6.255	1.534	4.641e-06	0.00012
ENSG00000134769	8.398	9.114	8.756	1.791	4.876e-06	0.0001249
ENSG00000204010	6.258	6.272	6.265	1.619	5.288e-06	0.0001348
ENSG00000213927	6.16	6.377	6.268	1.607	5.919e-06	0.0001493
ENSG00000196204	8.568	8.58	8.574	1.001	6.312e-06	0.0001583
ENSG00000172315	9.12	8.958	9.039	1.068	7.164e-06	0.0001783
ENSG00000198546	8.514	8.472	8.493	4.792	7.243e-06	0.0001799
ENSG00000258736	6.758	7.009	6.883	1.836	7.283e-06	0.0001807
ENSG00000128422	6.314	6.404	6.359	1.41	7.334e-06	0.0001817
ENSG00000270130	6.409	6.306	6.357	3.966	7.507e-06	0.0001857
ENSG00000182199	10.204	10.787	10.496	1.256	7.657e-06	0.0001878
ENSG00000055609	10.978	11.102	11.04	1.798	7.714e-06	0.0001887
ENSG00000129636	11.133	10.991	11.062	1.997	8.056e-06	0.000196
ENSG00000187105	6.551	6.56	6.555	2.538	8.554e-06	0.0002064
ENSG00000135298	6.28	6.323	6.301	1.027	9.808e-06	0.0002331
ENSG00000115806	10.99	11.174	11.082	1.176	9.831e-06	0.0002334
ENSG00000205129	6.643	6.693	6.668	4.037	1.128e-05	0.0002629
ENSG00000160049	9.946	10.206	10.076	1.459	1.16e-05	0.0002695
ENSG00000135482	8.337	8.559	8.448	1.142	1.329e-05	0.0003045
ENSG00000126709	9.664	9.551	9.608	3.095	1.414e-05	0.0003206
ENSG00000133321	8.872	9.29	9.081	1.085	1.702e-05	0.0003786
ENSG00000171388	7.77	8.329	8.05	1.231	1.793e-05	0.0003958
ENSG00000125633	10.693	10.925	10.809	1.086	1.972e-05	0.000432
ENSG00000215417	6.723	6.496	6.61	1.073	2.024e-05	0.0004408
ENSG00000270412	6.308	6.376	6.342	5.097	2.049e-05	0.0004451
ENSG00000198843	10.401	10.325	10.363	1.045	2.104e-05	0.0004548
ENSG00000165322	10.74	10.56	10.65	1.242	2.122e-05	0.000457
ENSG00000080986	7.276	7.163	7.22	1.402	2.34e-05	0.0004985
ENSG00000227716	6.335	6.247	6.291	1.362	2.375e-05	0.0005035
ENSG00000205212	6.215	6.235	6.225	1.613	2.388e-05	0.0005055
ENSG00000275294	6.419	6.405	6.412	1.5	2.495e-05	0.0005264
ENSG00000165782	9.433	9.246	9.339	2.547	2.739e-05	0.0005731
ENSG00000164342	8.034	8.485	8.259	1.718	2.824e-05	0.0005894
ENSG00000123612	6.718	7.072	6.895	1.342	2.983e-05	0.0006183
ENSG00000267348	6.344	6.489	6.416	5.82	3.122e-05	0.0006433
ENSG00000167995	8.877	9.39	9.134	1.287	3.215e-05	0.0006608
ENSG00000204086	6.337	6.294	6.315	1.037	3.292e-05	0.0006736
ENSG00000172005	6.256	6.305	6.28	3.286	3.646e-05	0.0007349
ENSG00000113319	8.834	9.343	9.089	1.324	3.774e-05	0.0007537
ENSG00000250305	9.035	9.173	9.104	5.138	3.98e-05	0.0007914
ENSG00000260425	6.374	6.354	6.364	1.067	4.158e-05	0.0008248
ENSG00000102466	9.011	8.56	8.786	2.066	4.853e-05	0.0009406
ENSG00000162931	6.997	7.211	7.104	1.659	4.956e-05	0.0009574
ENSG00000279312	7.164	7.048	7.106	1.363	5.393e-05	0.001036
ENSG00000273104	6.256	6.247	6.251	2.483	5.711e-05	0.001087
ENSG00000267577	6.528	6.546	6.537	4.755	5.735e-05	0.00109
ENSG00000173110	6.486	6.949	6.718	1.418	5.751e-05	0.001091
ENSG00000082438	9.759	9.994	9.877	2.345	5.883e-05	0.001114
ENSG00000080608	9.233	9.13	9.181	1.788	6.893e-05	0.001282
ENSG00000284906	6.869	6.95	6.909	1.041	6.963e-05	0.001291
ENSG00000128731	11.514	11.217	11.365	1.001	7.093e-05	0.00131
ENSG00000275074	8.315	8.261	8.288	1.542	7.327e-05	0.001346
ENSG00000144713	13.528	13.631	13.579	1.374	7.762e-05	0.001407
ENSG00000167565	8.651	8.72	8.686	3.18	7.991e-05	0.00144
ENSG00000253356	6.775	6.611	6.693	1.039	8.053e-05	0.001448
ENSG00000158423	6.629	6.838	6.734	1.119	8.187e-05	0.00147
ENSG00000270510	6.455	6.387	6.421	6.619	8.723e-05	0.001559
ENSG00000114767	8.622	8.018	8.32	1.686	9.52e-05	0.001676
ENSG00000284948	6.489	6.421	6.455	3.208	0.0001005	0.001761
ENSG00000231449	6.271	6.199	6.235	2.216	0.0001014	0.001773
ENSG00000264071	6.513	6.531	6.522	1.239	0.0001032	0.0018
ENSG00000280062	6.735	6.735	6.735	1.284	0.000104	0.001811
ENSG00000251209	7.577	7.557	7.567	1.984	0.0001071	0.001849
ENSG00000136492	7.638	7.545	7.591	1.312	0.0001131	0.001932
ENSG00000113569	9.218	9.197	9.207	1.088	0.0001162	0.001971
ENSG00000178163	9.118	9.252	9.185	3.954	0.0001197	0.002021
ENSG00000169981	7.931	7.795	7.863	3.04	0.0001302	0.002172
ENSG00000223466	6.248	6.447	6.348	1.06	0.000133	0.002213
ENSG00000284649	7.038	7.217	7.127	1.085	0.0001466	0.002407
ENSG00000283537	6.924	6.603	6.764	1.29	0.0001472	0.002415
ENSG00000144642	10.639	10.525	10.582	1.003	0.0001486	0.002429
ENSG00000157212	8.612	8.665	8.639	3.483	0.0001589	0.002569
ENSG00000175643	7.555	7.721	7.638	1.746	0.0001774	0.002801
ENSG00000232528	6.432	6.342	6.387	1.068	0.0001799	0.002837
ENSG00000126804	9.859	9.692	9.776	1.015	0.0001828	0.002873
ENSG00000279606	6.325	6.324	6.325	2.433	0.0001865	0.002913
ENSG00000233086	6.448	6.459	6.453	5.501	0.0001864	0.002913
ENSG00000278053	9.415	9.548	9.482	2.763	0.0001969	0.003027
ENSG00000253754	6.256	6.325	6.29	1.511	0.0001952	0.003027
ENSG00000231749	6.588	6.674	6.631	1.05	0.0002015	0.003088
ENSG00000272578	7.514	7.891	7.702	1.139	0.000207	0.003153
ENSG00000167588	6.475	6.407	6.441	3.564	0.0002121	0.003225
ENSG00000172613	8.074	8.026	8.05	1.006	0.0002125	0.003228
ENSG00000251396	6.86	6.9	6.88	1.782	0.0002163	0.003275
ENSG00000226950	8.763	8.034	8.398	2.37	0.0002207	0.003329
ENSG00000109606	11.402	11.279	11.34	1.381	0.0002289	0.003427
ENSG00000169084	9.219	9.206	9.212	1.423	0.000251	0.00369
ENSG00000139624	9.881	9.477	9.679	1.042	0.0002632	0.003847
ENSG00000184905	6.543	6.555	6.549	1.403	0.0002727	0.003949
ENSG00000100092	7.402	7.834	7.618	1.211	0.0002741	0.003965
ENSG00000187984	6.618	6.578	6.598	3.044	0.0002807	0.004039
ENSG00000160325	8.346	8.451	8.399	2.449	0.0002872	0.004122
ENSG00000144566	10.38	10.296	10.338	1.574	0.0003711	0.005125
ENSG00000123473	7.853	7.866	7.859	1.819	0.0003829	0.005272
ENSG00000144583	8.538	8.037	8.287	1.229	0.0003883	0.005331
ENSG00000094963	11.439	10.795	11.117	2.82	0.0003919	0.005375
ENSG00000100897	10.29	10.15	10.22	1.447	0.0004146	0.005633
ENSG00000205189	9.193	8.945	9.069	2.696	0.0004327	0.005848
ENSG00000127191	7.933	8.145	8.039	1.015	0.000447	0.006008
ENSG00000001626	6.57	6.644	6.607	1.057	0.000454	0.006089
ENSG00000231409	6.32	6.313	6.317	1.052	0.0004614	0.00616
ENSG00000136295	10.79	11.457	11.124	1.057	0.00047	0.006261
ENSG00000272945	6.3	6.298	6.299	1.46	0.000474	0.0063
ENSG00000258741	6.481	6.203	6.342	1.813	0.00049	0.006482
ENSG00000161395	9.057	9.084	9.071	1.314	0.0004903	0.006482
ENSG00000213782	9.678	9.684	9.681	1.283	0.0004941	0.006515
ENSG00000083520	10.415	10.125	10.27	1.233	0.0005373	0.006961
ENSG00000188573	6.547	6.769	6.658	1.073	0.0005484	0.00706
ENSG00000285851	6.757	6.756	6.756	2.223	0.0005695	0.007289
ENSG00000251129	6.296	6.298	6.297	1.191	0.0005706	0.007298
ENSG00000253608	6.268	6.355	6.312	1	0.000577	0.007362
ENSG00000173715	7.573	7.455	7.514	1.12	0.0005784	0.007364
ENSG00000074266	8.481	8.492	8.486	1.215	0.0006483	0.008075
ENSG00000253348	6.512	6.308	6.41	1.877	0.0006645	0.008219
ENSG00000236305	6.359	6.336	6.348	9.371	0.0006656	0.008226
ENSG00000285859	6.378	6.438	6.408	1.017	0.000696	0.00853
ENSG00000111834	6.479	6.629	6.554	3.835	0.0007151	0.008722
ENSG00000120519	7.879	7.949	7.914	1.952	0.0007408	0.008967
ENSG00000273143	6.354	6.221	6.288	1.323	0.0007922	0.009492
ENSG00000279166	6.26	6.215	6.237	2.17	0.0007973	0.009547
ENSG00000119147	6.319	6.258	6.289	1.656	0.000844	0.009958
ENSG00000251497	6.197	6.304	6.251	2.33	0.0008599	0.0101
ENSG00000114999	10.488	10.468	10.478	2.005	0.0008696	0.01019
ENSG00000140632	10.9	10.914	10.907	2.329	0.0008756	0.01025
ENSG00000160613	10.925	10.476	10.7	1.992	0.0009078	0.01058
ENSG00000128951	9.953	9.749	9.851	1.778	0.001011	0.01163
ENSG00000117266	7.429	7.733	7.581	3.985	0.001019	0.01171
ENSG00000260763	6.415	6.375	6.395	2.541	0.001037	0.01187
ENSG00000197976	9.927	9.949	9.938	1.51	0.001039	0.01189
ENSG00000130518	7.572	7.783	7.678	1.011	0.001151	0.01293
ENSG00000173567	6.786	6.811	6.799	1.422	0.001168	0.01308
ENSG00000259113	6.329	6.276	6.302	1.307	0.001211	0.01347
ENSG00000228151	6.485	6.349	6.417	2.655	0.00127	0.01404
ENSG00000260428	6.681	6.616	6.648	1.293	0.001296	0.01423
ENSG00000157404	9.017	9.387	9.202	1.167	0.001338	0.01459
ENSG00000255085	6.326	6.417	6.372	1.759	0.001369	0.01485
ENSG00000118402	7.777	7.856	7.817	1.3	0.00137	0.01485
ENSG00000185112	9.772	8.861	9.316	1.054	0.001384	0.01494
ENSG00000285220	6.284	6.227	6.256	1.217	0.00142	0.01523
ENSG00000153044	7.259	7.39	7.325	1.128	0.001423	0.01525
ENSG00000243232	6.549	6.43	6.49	1.485	0.001445	0.01543
ENSG00000274092	6.519	6.51	6.514	1.997	0.001459	0.01556
ENSG00000230869	6.71	6.806	6.758	1.261	0.001496	0.01586
ENSG00000229267	6.958	6.914	6.936	1.96	0.001496	0.01586
ENSG00000089220	11.982	11.853	11.918	1.014	0.00151	0.01595
ENSG00000205056	6.322	6.292	6.307	1.535	0.001535	0.01613
ENSG00000049323	14.631	13.908	14.27	1.194	0.001554	0.01628
ENSG00000255158	6.307	6.312	6.31	1.02	0.001552	0.01628
ENSG00000235238	6.223	6.414	6.319	1.312	0.001716	0.01758
ENSG00000144959	8.802	8.424	8.613	1.007	0.001756	0.01795
ENSG00000124762	12.391	13.353	12.872	1.76	0.001949	0.0196
ENSG00000255769	7.187	7.39	7.288	2.258	0.001994	0.01997
ENSG00000237125	6.825	6.812	6.819	1.122	0.002026	0.02022
ENSG00000103855	11.198	11.509	11.353	1.155	0.002103	0.02085
ENSG00000115998	8.158	8.383	8.27	2.282	0.002171	0.02136
ENSG00000176920	6.74	6.89	6.815	1.126	0.002183	0.02145
ENSG00000165487	9.696	9.717	9.706	1.114	0.002327	0.02262
ENSG00000150667	6.947	6.776	6.861	1.147	0.002412	0.02323
ENSG00000108518	12.78	12.477	12.629	1.528	0.002508	0.02392
ENSG00000184860	6.754	6.705	6.73	2.089	0.002536	0.02411
ENSG00000166263	9.594	8.978	9.286	1.206	0.002577	0.02442
ENSG00000283662	6.6	6.535	6.568	1.322	0.002636	0.02488
ENSG00000133731	8.841	8.579	8.71	1.378	0.002667	0.02511
ENSG00000131459	10.566	9.473	10.019	1.225	0.002675	0.02516
ENSG00000095209	8.124	8.515	8.32	1.166	0.002819	0.02632
ENSG00000224153	6.578	6.531	6.555	1.366	0.003092	0.02827
ENSG00000261248	6.432	6.432	6.432	1.245	0.00317	0.02874
ENSG00000255384	6.582	6.568	6.575	3.278	0.003204	0.02899
ENSG00000267070	6.263	6.238	6.25	1.271	0.00333	0.02991
ENSG00000226849	6.908	6.617	6.763	1.931	0.003374	0.03025
ENSG00000151014	7.175	7.33	7.253	1.101	0.003397	0.03042
ENSG00000164039	10.254	10.567	10.411	1.156	0.003545	0.03143
ENSG00000117425	7.128	7.228	7.178	1.711	0.003596	0.03169
ENSG00000125872	6.499	6.286	6.392	3.767	0.003619	0.03188
ENSG00000135338	8.478	8.518	8.498	1.832	0.003657	0.03217
ENSG00000221890	7.817	7.771	7.794	1.26	0.003782	0.0331
ENSG00000270872	7.698	7.879	7.788	1.178	0.004055	0.03497
ENSG00000155463	10.914	11.038	10.976	2.117	0.004133	0.03549
ENSG00000131127	7.916	8.04	7.978	2.137	0.004311	0.03654
ENSG00000260060	6.315	6.314	6.315	2.593	0.004322	0.03658
ENSG00000175061	13.328	13.364	13.346	1.699	0.004373	0.03692
ENSG00000166938	9.541	9.509	9.525	1.776	0.004695	0.03913
ENSG00000189223	7.952	7.997	7.974	2.572	0.00487	0.04017
ENSG00000232748	6.865	6.742	6.803	1.531	0.004885	0.04026
ENSG00000227632	6.522	6.477	6.499	1.31	0.004918	0.04047
ENSG00000137842	8.312	8.083	8.198	2.517	0.004986	0.04083
ENSG00000207291	6.274	6.199	6.237	1.594	0.004983	0.04083
ENSG00000116127	8.912	8.99	8.951	1.505	0.005208	0.04213
ENSG00000271384	6.319	6.202	6.261	1.211	0.005294	0.04256
ENSG00000206625	6.473	6.345	6.409	1.509	0.005329	0.04273
ENSG00000177666	11.835	10.754	11.294	1.77	0.005433	0.04338
ENSG00000227666	6.37	6.358	6.364	3.73	0.005526	0.04392
ENSG00000139915	6.333	6.287	6.31	1.877	0.005542	0.04403
ENSG00000236540	7.348	7.206	7.277	1.129	0.005561	0.04414
ENSG00000105750	7.108	7.377	7.243	1.311	0.005602	0.04431
ENSG00000243715	6.256	6.243	6.25	1.347	0.005621	0.04444
ENSG00000158816	6.767	6.51	6.639	1.407	0.005652	0.04462
ENSG00000196924	16.436	15.75	16.093	1.188	0.005793	0.04555
ENSG00000136478	12.431	10.998	11.715	3.079	0.005811	0.0456
ENSG00000248932	6.808	7.012	6.91	2.933	0.005856	0.04588
ENSG00000178662	6.932	7.384	7.158	1.388	0.005947	0.04643
ENSG00000259462	6.797	6.978	6.887	1.14	0.00602	0.04687
ENSG00000133302	7.99	7.934	7.962	1.355	0.006059	0.04712
ENSG00000157823	10.09	10.052	10.071	1.392	0.006111	0.0474
ENSG00000253704	6.412	6.494	6.453	1.549	0.006258	0.04814
ENSG00000147955	10.399	10.318	10.358	1.086	0.006498	0.04955
